John,2,3,4,5,-3,-2,-1,77.8,66.7,9.6,0,0,0,-4,-11,45.6,43,21,22,55,66,78,90,98.7,56.7,98.76,0,0,0,5,4,22,1,4,55.7
Alex
Joan
Killie,0
Harry,1,2,3,4,5,6,7,8,9,10,10,9,8,7,6,5,4,3,2,1,1,2,3,4,5,6,7,8,9,10,10,9,8,7,6,5,4,3,2,1,-5,-4,-3,1,2,3,0
Jill,77,66,55,4,-2,-7,-6,-55,87.6,2,92,92.3,92.4,95,22.3,11,27,68,95,36,36.6,0,0,0,-1,-4,-7
Jim,0,-3,-2,-1,-66,-44,-68,0,0,0,-1,10,5,6,4,-2
Jerry,56,33,67,89,78,68,54,89,89.5,38,95.4,95.7,39,-3,-2,-1,-77,-66,0,0,0,0,0,0,0,0,33,22,55,99,0,0,0,0,99.4,10,-5,0
Dave
Boris
Janice,100,50
Harold,0,0,0
Troy
Greg,6,1,4,2,6,8,5,9,6,8,7,4,5,7,3,6,90,78,67,5,4,3,5,7,8,0,0,0,0,0,0,0,0,0,-1,-4,-2,-6,-4,55,66,88,37,89.7,67.55
Vivian
Frank,100,66,55
Lem, 100,100,100,100,100,50,50,50,50,50
Carl
Charles,0,-5,-35.6,0
Greg,33
Jane
Drake
Louis,66,77,56.7,46.7,89.89,99.7,56,23.6,-2,-1,-6,-4
Joy
Louis,0
Xavier
Will,0,100,0,-4,-2,-5,-2,99,10,99.9
0
